Date,Adj Close,Close,Dividends,High,Low,Open,Stock Splits,Volume
2023-01-03,148.59413146972656,155.0500030517578,0.0,160.4499969482422,153.11000061035156,159.77999877929688,0.0,1900300.0
2023-01-04,151.3829803466797,157.9600067138672,0.0,160.36000061035156,156.10000610351562,158.27999877929688,0.0,1678400.0
2023-01-05,147.11825561523438,153.50999450683594,0.0,157.25999450683594,153.10000610351562,156.10000610351562,0.0,1692400.0
2023-01-06,152.9834442138672,159.6300048828125,0.0,160.1699981689453,153.88999938964844,155.85000610351562,0.0,2063200.0
2023-01-09,154.2676239013672,160.97000122070312,0.0,164.4499969482422,160.0399932861328,162.2899932861328,0.0,1834400.0
2023-01-10,159.1553192138672,166.07000732421875,0.0,166.25,161.97999572753906,163.5500030517578,0.0,2219700.0
2023-01-11,161.7045440673828,168.72999572753906,0.0,168.8800048828125,165.22999572753906,166.66000366210938,0.0,2019200.0
2023-01-12,163.12290954589844,170.2100067138672,0.0,171.8699951171875,167.38999938964844,170.08999633789062,0.0,1705000.0
2023-01-13,164.66586303710938,171.82000732421875,0.0,171.9499969482422,168.22000122070312,168.6199951171875,0.0,2006400.0
2023-01-17,163.2379150390625,170.3300018310547,0.0,170.77999877929688,167.7899932861328,170.7100067138672,0.0,1991000.0
2023-01-18,163.57333374023438,170.67999267578125,0.0,175.3000030517578,170.5399932861328,172.4199981689453,0.0,1565800.0
2023-01-19,158.1298370361328,165.0,0.0,169.25999450683594,164.86000061035156,168.8000030517578,0.0,2163200.0
2023-01-20,161.48411560058594,168.5,0.0,168.67999267578125,164.25999450683594,166.5500030517578,0.0,2322300.0
2023-01-23,165.8254852294922,173.02999877929688,0.0,175.75,168.50999450683594,169.22999572753906,0.0,3386200.0
2023-01-24,165.95965576171875,173.1699981689453,0.0,174.25999450683594,169.49000549316406,170.9499969482422,0.0,1627000.0
2023-01-25,166.85093688964844,174.10000610351562,0.0,174.3800048828125,168.97999572753906,170.83999633789062,0.0,1328500.0
2023-01-26,172.52444458007812,180.02000427246094,0.0,180.1999969482422,174.72999572753906,176.6199951171875,0.0,2996400.0
2023-01-27,173.98114013671875,181.5399932861328,0.0,182.94000244140625,177.08999633789062,177.49000549316406,0.0,2078900.0
2023-01-30,172.00694274902344,179.47999572753906,0.0,182.74000549316406,178.83999633789062,179.33999633789062,0.0,3948800.0
2023-01-31,176.6358184814453,184.30999755859375,0.0,185.14999389648438,178.0,182.38999938964844,0.0,4265200.0
2023-02-01,185.86485290527344,193.94000244140625,0.0,196.3000030517578,183.80999755859375,184.07000732421875,0.0,4468400.0
2023-02-02,187.992431640625,196.16000366210938,0.0,197.7100067138672,192.8300018310547,195.47000122070312,0.0,2815900.0
2023-02-03,182.9993438720703,190.9499969482422,0.0,195.4499969482422,190.75999450683594,192.19000244140625,0.0,2654700.0
2023-02-06,179.5684051513672,187.3699951171875,0.0,190.3000030517578,186.08999633789062,187.91000366210938,0.0,2059900.0
2023-02-07,185.1940155029297,193.24000549316406,0.0,194.5500030517578,188.0,188.24000549316406,0.0,2270100.0
2023-02-08,180.12428283691406,187.9499969482422,0.0,192.14999389648438,187.32000732421875,191.16000366210938,0.0,1935600.0
2023-02-09,181.9451446533203,189.85000610351562,0.0,194.05999755859375,189.02000427246094,191.19000244140625,0.0,2010600.0
2023-02-10,178.70590209960938,186.47000122070312,0.0,188.17999267578125,185.19000244140625,187.88999938964844,0.0,1459700.0
2023-02-13,180.53636169433594,188.3800048828125,0.0,189.25,185.4600067138672,186.97999572753906,0.0,1677700.0
2023-02-14,181.8876495361328,189.7899932861328,0.0,190.4499969482422,185.4499969482422,186.80999755859375,0.0,1864700.0
2023-02-15,185.2418975830078,193.2899932861328,0.0,193.5500030517578,188.1699981689453,188.1699981689453,0.0,1482400.0
2023-02-16,183.26768493652344,191.22999572753906,0.0,193.80999755859375,190.39999389648438,190.39999389648438,0.0,2173300.0
2023-02-17,180.61306762695312,188.4600067138672,0.0,191.72000122070312,186.61000061035156,190.7100067138672,0.0,2206500.0
2023-02-21,173.85658264160156,181.41000366210938,0.0,187.19000244140625,181.08999633789062,185.47999572753906,0.0,2073800.0
2023-02-22,170.2914581298828,177.69000244140625,0.0,181.99000549316406,176.72999572753906,180.89999389648438,0.0,2205800.0
2023-02-23,173.4540557861328,180.99000549316406,0.0,181.82000732421875,177.11000061035156,181.27999877929688,0.0,2013400.0
2023-02-24,169.49603271484375,176.86000061035156,0.0,178.05999755859375,175.3699951171875,177.75999450683594,0.0,1791500.0
2023-02-27,170.33937072753906,177.74000549316406,0.0,180.5800018310547,177.42999267578125,180.2100067138672,0.0,1165800.0
2023-02-28,171.04856872558594,178.47999572753906,0.0,180.72000122070312,176.5500030517578,177.55999755859375,0.0,1227700.0
2023-03-01,171.42233276367188,178.8699951171875,0.0,180.6300048828125,177.5500030517578,179.27000427246094,0.0,900300.0
2023-03-02,173.1090545654297,180.6300048828125,0.0,181.22999572753906,174.1699981689453,176.17999267578125,0.0,1171500.0
2023-03-03,175.34202575683594,182.9600067138672,0.0,183.17999267578125,178.7899932861328,181.3800048828125,0.0,1285900.0
2023-03-06,172.4477996826172,179.94000244140625,0.0,184.6699981689453,178.8699951171875,184.00999450683594,0.0,1088700.0
2023-03-07,170.01351928710938,177.39999389648438,0.0,180.80999755859375,176.16000366210938,180.41000366210938,0.0,1330900.0
2023-03-08,174.91078186035156,182.50999450683594,0.0,182.64999389648438,178.3800048828125,178.3800048828125,0.0,2072400.0
2023-03-09,172.3423614501953,179.8300018310547,0.0,185.30999755859375,178.6699981689453,182.91000366210938,0.0,1961500.0
2023-03-10,167.76136779785156,175.0500030517578,0.0,181.97000122070312,174.50999450683594,181.9199981689453,0.0,2263000.0
2023-03-13,167.64637756347656,174.92999267578125,0.0,177.82000732421875,171.3800048828125,173.02000427246094,0.0,2225200.0
2023-03-14,172.37359619140625,178.82000732421875,1.014,179.25999450683594,175.58999633789062,177.27999877929688,0.0,2104700.0
2023-03-15,168.3057403564453,174.60000610351562,0.0,177.1699981689453,171.5500030517578,176.33999633789062,0.0,2497500.0
2023-03-16,173.0194854736328,179.49000549316406,0.0,180.16000366210938,172.16000366210938,173.11000061035156,0.0,1886800.0
2023-03-17,170.8987579345703,177.2899932861328,0.0,180.1999969482422,176.1999969482422,179.5399932861328,0.0,2933400.0
2023-03-20,174.04122924804688,180.5500030517578,0.0,181.13999938964844,176.57000732421875,177.55999755859375,0.0,1127800.0
2023-03-21,173.9544677734375,180.4600067138672,0.0,183.82000732421875,178.0,182.24000549316406,0.0,1531800.0
2023-03-22,170.2529296875,176.6199951171875,0.0,183.25999450683594,176.47999572753906,180.13999938964844,0.0,1858200.0
2023-03-23,175.47752380371094,182.0399932861328,0.0,184.5,178.08999633789062,178.63999938964844,0.0,2225300.0
2023-03-24,170.18544006347656,176.5500030517578,0.0,181.8000030517578,174.6999969482422,181.4499969482422,0.0,2280600.0
2023-03-27,167.92013549804688,174.1999969482422,0.0,178.88999938964844,173.47000122070312,176.9199981689453,0.0,2162800.0
2023-03-28,166.96583557128906,173.2100067138672,0.0,173.92999267578125,169.91000366210938,173.92999267578125,0.0,2318000.0
2023-03-29,172.54710388183594,179.0,0.0,179.7100067138672,174.61000061035156,176.89999389648438,0.0,2398600.0
2023-03-30,175.07266235351562,181.6199951171875,0.0,184.13999938964844,180.58999633789062,181.39999389648438,0.0,2075900.0
2023-03-31,179.7574462890625,186.47999572753906,0.0,186.82000732421875,180.36000061035156,180.7100067138672,0.0,2081200.0
2023-04-03,175.419677734375,181.97999572753906,0.0,186.0,180.33999633789062,185.52999877929688,0.0,1623900.0
2023-04-04,169.77093505859375,176.1199951171875,0.0,182.50999450683594,175.72000122070312,182.5,0.0,1644200.0
2023-04-05,166.78269958496094,173.02000427246094,0.0,174.99000549316406,171.3300018310547,174.41000366210938,0.0,2191000.0
2023-04-06,163.9679412841797,170.10000610351562,0.0,172.77000427246094,169.97999572753906,172.10000610351562,0.0,1930700.0
2023-04-10,166.19468688964844,172.41000366210938,0.0,172.52000427246094,168.0500030517578,168.82000732421875,0.0,1746500.0
2023-04-11,165.68377685546875,171.8800048828125,0.0,175.0,171.64999389648438,174.4199981689453,0.0,1589000.0
2023-04-12,164.0836181640625,170.22000122070312,0.0,174.3300018310547,169.77999877929688,173.30999755859375,0.0,1726800.0
2023-04-13,165.72235107421875,171.9199981689453,0.0,173.11000061035156,169.50999450683594,170.3699951171875,0.0,1648300.0
2023-04-14,166.13682556152344,172.35000610351562,0.0,174.77000427246094,170.5,172.13999938964844,0.0,1492400.0
2023-04-17,168.2189483642578,174.50999450683594,0.0,174.72999572753906,170.85000610351562,170.85000610351562,0.0,1218400.0
2023-04-18,169.44320678710938,175.77999877929688,0.0,177.47999572753906,174.5500030517578,176.4199981689453,0.0,1369300.0
2023-04-19,166.56094360351562,172.7899932861328,0.0,174.5800018310547,172.4499969482422,173.52000427246094,0.0,1196100.0
2023-04-20,163.50523376464844,169.6199951171875,0.0,172.41000366210938,163.24000549316406,166.4499969482422,0.0,2490700.0
2023-04-21,163.6980438232422,169.82000732421875,0.0,170.1300048828125,165.5399932861328,169.0,0.0,1827400.0
2023-04-24,163.76553344726562,169.88999938964844,0.0,170.74000549316406,168.4600067138672,169.82000732421875,0.0,1066300.0
2023-04-25,158.56983947753906,164.5,0.0,168.77999877929688,162.30999755859375,168.77999877929688,0.0,2611500.0
2023-04-26,159.38917541503906,165.35000610351562,0.0,167.0399932861328,163.4600067138672,165.0399932861328,0.0,1924500.0
2023-04-27,155.379150390625,161.19000244140625,0.0,161.86000061035156,155.30999755859375,160.0,0.0,4130700.0
2023-04-28,157.8372039794922,163.74000549316406,0.0,163.82000732421875,159.52999877929688,161.0,0.0,2969600.0
2023-05-01,160.025390625,166.00999450683594,0.0,166.4499969482422,163.72999572753906,164.22999572753906,0.0,4321900.0
2023-05-02,165.3271026611328,171.50999450683594,0.0,176.8800048828125,168.75999450683594,173.33999633789062,0.0,5403200.0
2023-05-03,161.51951599121094,167.55999755859375,0.0,172.52000427246094,166.94000244140625,172.25,0.0,2363400.0
2023-05-04,157.88543701171875,163.7899932861328,0.0,167.35000610351562,162.75,166.97999572753906,0.0,2363600.0
2023-05-05,160.8061981201172,166.82000732421875,0.0,167.44000244140625,162.3000030517578,164.74000549316406,0.0,2405200.0
2023-05-08,161.9918670654297,168.0500030517578,0.0,168.35000610351562,165.47000122070312,166.92999267578125,0.0,1306500.0
2023-05-09,159.13851928710938,165.08999633789062,0.0,165.8300018310547,163.27000427246094,165.39999389648438,0.0,1963000.0
2023-05-10,159.2445831298828,165.1999969482422,0.0,168.1999969482422,164.72999572753906,167.5500030517578,0.0,1490300.0
2023-05-11,157.4613037109375,163.35000610351562,0.0,166.16000366210938,161.22999572753906,163.89999389648438,0.0,1471000.0
2023-05-12,158.61802673339844,164.5500030517578,0.0,165.25,162.3800048828125,164.3300018310547,0.0,1020200.0
2023-05-15,161.87619018554688,167.92999267578125,0.0,168.1699981689453,164.0399932861328,164.5500030517578,0.0,1448200.0
2023-05-16,159.90972900390625,165.88999938964844,0.0,168.63999938964844,165.77999877929688,167.2100067138672,0.0,1279000.0
2023-05-17,165.07650756835938,171.25,0.0,171.72999572753906,167.44000244140625,167.8000030517578,0.0,2081100.0
2023-05-18,169.30824279785156,175.63999938964844,0.0,175.8699951171875,172.13999938964844,172.8800048828125,0.0,2910600.0
2023-05-19,168.6527557373047,174.9600067138672,0.0,177.0,174.1199951171875,176.7100067138672,0.0,1988000.0
2023-05-22,170.97586059570312,177.3699951171875,0.0,178.07000732421875,173.5399932861328,174.1999969482422,0.0,1485400.0
2023-05-23,168.7491455078125,175.05999755859375,0.0,177.3699951171875,174.24000549316406,176.32000732421875,0.0,1832900.0
2023-05-24,160.5170135498047,166.52000427246094,0.0,171.6699981689453,165.38999938964844,171.30999755859375,0.0,3235200.0
2023-05-25,165.1632537841797,171.33999633789062,0.0,171.8800048828125,163.25999450683594,165.00999450683594,0.0,2833300.0
2023-05-26,174.6485137939453,181.17999267578125,0.0,182.5800018310547,173.36000061035156,173.9600067138672,0.0,3605700.0
2023-05-30,175.50645446777344,182.07000732421875,0.0,186.5800018310547,180.44000244140625,185.0,0.0,2217300.0
2023-05-31,172.6435089111328,179.10000610351562,0.0,182.07000732421875,177.88999938964844,180.69000244140625,0.0,5289800.0
2023-06-01,174.4750213623047,181.0,0.0,182.9600067138672,176.86000061035156,180.17999267578125,0.0,2388900.0
2023-06-02,175.05337524414062,181.60000610351562,0.0,183.99000549316406,178.6699981689453,183.24000549316406,0.0,1547500.0
2023-06-05,170.195068359375,176.55999755859375,0.0,181.99000549316406,175.30999755859375,181.8300018310547,0.0,1894500.0
2023-06-06,174.72564697265625,181.25999450683594,0.0,181.8699951171875,174.66000366210938,175.4600067138672,0.0,1688100.0
2023-06-07,179.72854614257812,186.4499969482422,0.0,189.9199981689453,182.19000244140625,182.5,0.0,2225600.0
2023-06-08,180.70213317871094,187.4600067138672,0.0,188.82000732421875,186.22999572753906,187.24000549316406,0.0,1622000.0
2023-06-09,178.330810546875,185.0,0.0,190.17999267578125,184.27000427246094,189.10000610351562,0.0,2013000.0
2023-06-12,182.52398681640625,189.35000610351562,0.0,189.72000122070312,185.1199951171875,187.0,0.0,2831400.0
2023-06-13,190.37791442871094,196.44000244140625,1.014,197.80999755859375,190.00999450683594,190.1999969482422,0.0,3564400.0
2023-06-14,189.6510467529297,195.69000244140625,0.0,199.5500030517578,194.10000610351562,195.94000244140625,0.0,3289500.0
2023-06-15,189.70919799804688,195.75,0.0,197.05999755859375,192.42999267578125,192.9199981689453,0.0,2454600.0
2023-06-16,191.74440002441406,197.85000610351562,0.0,199.17999267578125,195.49000549316406,198.1999969482422,0.0,4520100.0
2023-06-20,189.37001037597656,195.39999389648438,0.0,197.91000366210938,193.27000427246094,195.30999755859375,0.0,2022100.0
2023-06-21,187.3154296875,193.27999877929688,0.0,195.82000732421875,192.74000549316406,194.24000549316406,0.0,2077200.0
2023-06-22,188.6431427001953,194.64999389648438,0.0,195.5800018310547,190.50999450683594,191.39999389648438,0.0,1473300.0
2023-06-23,182.8670654296875,188.69000244140625,0.0,191.92999267578125,188.5,190.5,0.0,1886400.0
2023-06-26,186.2687530517578,192.1999969482422,0.0,195.25999450683594,189.52999877929688,189.99000549316406,0.0,1438500.0
2023-06-27,194.13816833496094,200.32000732421875,0.0,200.5,190.75999450683594,192.0,0.0,2192500.0
2023-06-28,191.46336364746094,197.55999755859375,0.0,199.82000732421875,196.39999389648438,196.89999389648438,0.0,1511500.0
2023-06-29,193.59544372558594,199.75999450683594,0.0,200.49000549316406,195.1300048828125,197.5399932861328,0.0,1613300.0
2023-06-30,198.36363220214844,204.67999267578125,0.0,205.97999572753906,200.9499969482422,202.89999389648438,0.0,2521500.0
2023-07-03,200.73802185058594,207.1300048828125,0.0,208.6300048828125,203.60000610351562,205.5399932861328,0.0,1089200.0
2023-07-05,197.384765625,203.6699981689453,0.0,206.69000244140625,202.60000610351562,205.0,0.0,2368400.0
2023-07-06,198.06320190429688,204.3699951171875,0.0,204.63999938964844,200.02999877929688,200.47999572753906,0.0,2721300.0
2023-07-07,197.76275634765625,204.05999755859375,0.0,207.66000366210938,203.52999877929688,203.52999877929688,0.0,1847800.0
2023-07-10,203.9264678955078,210.4199981689453,0.0,211.07000732421875,205.86000061035156,206.14999389648438,0.0,3146400.0
2023-07-11,204.44012451171875,210.9499969482422,0.0,211.49000549316406,207.8699951171875,210.8000030517578,0.0,1588300.0
2023-07-12,205.32203674316406,211.86000061035156,0.0,214.8000030517578,210.60000610351562,214.25,0.0,2568100.0
2023-07-13,209.8382568359375,216.52000427246094,0.0,216.8300018310547,212.38999938964844,212.52000427246094,0.0,2061300.0
2023-07-14,205.98104858398438,212.5399932861328,0.0,216.67999267578125,211.36000061035156,215.6999969482422,0.0,1971000.0
2023-07-17,212.8425750732422,219.6199951171875,0.0,221.25,211.9600067138672,212.5399932861328,0.0,2474900.0
2023-07-18,216.75790405273438,223.66000366210938,0.0,224.39999389648438,218.3800048828125,218.86000061035156,0.0,2130700.0
2023-07-19,213.4822235107422,220.27999877929688,0.0,224.32000732421875,220.19000244140625,223.07000732421875,0.0,2207400.0
2023-07-20,205.40928649902344,211.9499969482422,0.0,218.61000061035156,210.39999389648438,216.77999877929688,0.0,3362000.0
2023-07-21,206.71759033203125,213.3000030517578,0.0,216.3300018310547,213.16000366210938,214.14999389648438,0.0,5323900.0
2023-07-24,204.37229919433594,210.8800048828125,0.0,214.55999755859375,210.1199951171875,212.97000122070312,0.0,4983500.0
2023-07-25,213.104248046875,219.88999938964844,0.0,222.16000366210938,216.47999572753906,219.0,0.0,3839200.0
2023-07-26,211.73777770996094,218.47999572753906,0.0,220.57000732421875,215.6999969482422,217.97999572753906,0.0,2204200.0
2023-07-27,214.9456024169922,221.7899932861328,0.0,225.57000732421875,219.1199951171875,223.22999572753906,0.0,3403400.0
2023-07-28,216.41871643066406,223.30999755859375,0.0,225.44000244140625,220.6300048828125,225.30999755859375,0.0,1994200.0
2023-07-31,216.09889221191406,222.97999572753906,0.0,225.1999969482422,222.05999755859375,223.39999389648438,0.0,1494900.0
2023-08-01,216.5834503173828,223.47999572753906,0.0,224.32000732421875,221.0,221.41000366210938,0.0,1308700.0
2023-08-02,209.72193908691406,216.39999389648438,0.0,220.35000610351562,215.94000244140625,220.0800018310547,0.0,3372000.0
2023-08-03,209.28582763671875,215.9499969482422,0.0,217.74000549316406,211.77999877929688,213.02999877929688,0.0,2484300.0
2023-08-04,207.1052703857422,213.6999969482422,0.0,215.63999938964844,209.4199981689453,210.38999938964844,0.0,2888600.0
2023-08-07,211.98004150390625,218.72999572753906,0.0,218.9199981689453,214.00999450683594,216.0,0.0,1524200.0
2023-08-08,210.19683837890625,216.88999938964844,0.0,217.5,213.25999450683594,215.0,0.0,1862400.0
2023-08-09,207.75457763671875,214.3699951171875,0.0,218.67999267578125,214.1300048828125,217.3800048828125,0.0,2069400.0
2023-08-10,205.43833923339844,211.97999572753906,0.0,218.61000061035156,210.97000122070312,217.6999969482422,0.0,1750600.0
2023-08-11,197.89845275878906,204.1999969482422,0.0,209.22000122070312,202.91000366210938,209.22000122070312,0.0,2703800.0
2023-08-14,200.8543243408203,207.25,0.0,207.35000610351562,202.55999755859375,203.10000610351562,0.0,1757300.0
2023-08-15,195.5143585205078,201.74000549316406,0.0,205.47999572753906,200.85000610351562,205.07000732421875,0.0,1944000.0
2023-08-16,190.6686553955078,196.74000549316406,0.0,202.9600067138672,195.7899932861328,202.4199981689453,0.0,2400400.0
2023-08-17,188.52684020996094,194.52999877929688,0.0,198.25,193.61000061035156,197.80999755859375,0.0,1970200.0
2023-08-18,190.50392150878906,196.57000732421875,0.0,197.7899932861328,192.39999389648438,192.5500030517578,0.0,1989300.0
2023-08-21,195.39805603027344,201.6199951171875,0.0,202.5500030517578,196.57000732421875,196.57000732421875,0.0,1946300.0
2023-08-22,193.49856567382812,199.66000366210938,0.0,204.2899932861328,198.55999755859375,203.75,0.0,1428500.0
2023-08-23,194.8941192626953,201.10000610351562,0.0,202.27999877929688,193.5,193.5,0.0,2256800.0
2023-08-24,187.83876037597656,193.82000732421875,0.0,203.2899932861328,193.22999572753906,203.27000427246094,0.0,2888100.0
2023-08-25,190.1453094482422,196.1999969482422,0.0,196.88999938964844,193.08999633789062,194.80999755859375,0.0,2358800.0
2023-08-28,193.08180236816406,199.22999572753906,0.0,200.80999755859375,197.50999450683594,197.50999450683594,0.0,1456600.0
2023-08-29,198.82879638671875,205.16000366210938,0.0,205.9600067138672,197.25,197.25,0.0,1683400.0
2023-08-30,199.52659606933594,205.8800048828125,0.0,206.2899932861328,202.3699951171875,204.9499969482422,0.0,1962200.0
2023-08-31,199.37152099609375,205.72000122070312,0.0,207.8000030517578,203.38999938964844,205.27000427246094,0.0,3461000.0
2023-09-01,203.48069763183594,209.9600067138672,0.0,210.16000366210938,205.32000732421875,207.4199981689453,0.0,1583400.0
2023-09-05,201.16445922851562,207.57000732421875,0.0,210.57000732421875,207.3300018310547,208.8699951171875,0.0,1443500.0
2023-09-06,201.37765502929688,207.7899932861328,0.0,209.94000244140625,205.47999572753906,207.13999938964844,0.0,1582900.0
2023-09-07,197.71429443359375,204.00999450683594,0.0,205.27000427246094,202.11000061035156,203.7899932861328,0.0,1847200.0
2023-09-08,196.78392028808594,203.0500030517578,0.0,205.5,201.91000366210938,204.00999450683594,0.0,1220100.0
2023-09-11,197.22003173828125,203.5,0.0,205.10000610351562,200.74000549316406,204.86000061035156,0.0,1101800.0
2023-09-12,194.3116912841797,199.5,1.014,204.2100067138672,199.32000732421875,200.8300018310547,0.0,1301700.0
2023-09-13,195.18829345703125,200.39999389648438,0.0,204.27000427246094,199.14999389648438,199.14999389648438,0.0,1897600.0
2023-09-14,197.4187469482422,202.69000244140625,0.0,203.4199981689453,198.9199981689453,202.5399932861328,0.0,1293900.0
2023-09-15,192.24684143066406,197.3800048828125,0.0,202.38999938964844,196.33999633789062,201.8300018310547,0.0,4381800.0
2023-09-18,194.10716247558594,199.2899932861328,0.0,199.7899932861328,196.52000427246094,196.86000061035156,0.0,1483800.0
2023-09-19,193.96107482910156,199.13999938964844,0.0,199.5800018310547,196.3699951171875,198.7100067138672,0.0,1307800.0
2023-09-20,189.8897705078125,194.9600067138672,0.0,201.4499969482422,194.74000549316406,200.38999938964844,0.0,1131700.0
2023-09-21,188.95472717285156,194.0,0.0,196.2100067138672,193.0399932861328,193.5399932861328,0.0,1711800.0
2023-09-22,191.67218017578125,196.7899932861328,0.0,198.9600067138672,194.50999450683594,195.5399932861328,0.0,1523200.0
2023-09-25,192.96759033203125,198.1199951171875,0.0,198.27000427246094,194.6999969482422,195.57000732421875,0.0,1045400.0
2023-09-26,189.91900634765625,194.99000549316406,0.0,197.52999877929688,194.05999755859375,197.0,0.0,1538600.0
2023-09-27,191.58450317382812,196.6999969482422,0.0,198.27000427246094,194.1300048828125,197.02999877929688,0.0,1156400.0
2023-09-28,195.31492614746094,200.52999877929688,0.0,202.75,196.1199951171875,197.08999633789062,0.0,1198200.0
2023-09-29,194.7207794189453,199.9199981689453,0.0,203.39999389648438,198.75999450683594,202.77000427246094,0.0,1170500.0
2023-10-02,194.98373413085938,200.19000244140625,0.0,202.4499969482422,197.52000427246094,200.77999877929688,0.0,1227700.0
2023-10-03,190.12353515625,195.1999969482422,0.0,201.47999572753906,194.08999633789062,197.89999389648438,0.0,2468300.0
2023-10-04,193.03578186035156,198.19000244140625,0.0,198.85000610351562,194.5800018310547,195.77000427246094,0.0,1610000.0
2023-10-05,190.3670196533203,195.4499969482422,0.0,199.10000610351562,192.85000610351562,198.38999938964844,0.0,1415800.0
2023-10-06,193.8441619873047,199.02000427246094,0.0,200.7899932861328,192.13999938964844,194.1999969482422,0.0,1837400.0
2023-10-09,192.96759033203125,198.1199951171875,0.0,198.89999389648438,194.5,196.77000427246094,0.0,860100.0
2023-10-10,196.503173828125,201.75,0.0,204.0,198.22000122070312,198.86000061035156,0.0,1216700.0
2023-10-11,198.16873168945312,203.4600067138672,0.0,204.89999389648438,201.60000610351562,201.83999633789062,0.0,1646200.0
2023-10-12,197.0973358154297,202.36000061035156,0.0,206.13999938964844,200.5,204.33999633789062,0.0,2120800.0
2023-10-13,189.44175720214844,194.5,0.0,202.50999450683594,193.22000122070312,202.3699951171875,0.0,2439100.0
2023-10-16,194.5844268798828,199.77999877929688,0.0,200.25,195.00999450683594,195.77000427246094,0.0,1963800.0
2023-10-17,192.57801818847656,197.72000122070312,0.0,200.24000549316406,194.4600067138672,197.32000732421875,0.0,1274900.0
2023-10-18,188.175537109375,193.1999969482422,0.0,195.6199951171875,190.60000610351562,194.5,0.0,1908700.0
2023-10-19,183.04258728027344,187.92999267578125,0.0,194.0500030517578,187.10000610351562,193.80999755859375,0.0,3027800.0
2023-10-20,180.9290313720703,185.75999450683594,0.0,188.52999877929688,184.39999389648438,187.6199951171875,0.0,2155000.0
2023-10-23,177.60769653320312,182.35000610351562,0.0,186.07000732421875,181.1699981689453,183.91000366210938,0.0,1700500.0
2023-10-24,178.83494567871094,183.61000061035156,0.0,184.42999267578125,180.8800048828125,182.9199981689453,0.0,2337300.0
2023-10-25,171.36441040039062,175.94000244140625,0.0,181.39999389648438,175.2100067138672,180.72000122070312,0.0,2923600.0
2023-10-26,174.89027404785156,179.55999755859375,0.0,185.2899932861328,177.39999389648438,178.49000549316406,0.0,3048600.0
2023-10-27,174.47145080566406,179.1300048828125,0.0,181.9600067138672,177.5500030517578,181.00999450683594,0.0,1448100.0
2023-10-30,165.7541961669922,170.17999267578125,0.0,173.0,167.2100067138672,172.39999389648438,0.0,4475200.0
2023-10-31,167.94570922851562,172.42999267578125,0.0,172.86000061035156,167.92999267578125,170.7899932861328,0.0,2588800.0
2023-11-01,168.03335571289062,172.52000427246094,0.0,172.67999267578125,167.5,171.57000732421875,0.0,2889100.0
2023-11-02,172.97149658203125,177.58999633789062,0.0,178.36000061035156,173.30999755859375,175.0,0.0,2472700.0
2023-11-03,176.82850646972656,181.5500030517578,0.0,183.75,178.92999267578125,179.8300018310547,0.0,3689500.0
2023-11-06,178.04600524902344,182.8000030517578,0.0,184.4199981689453,180.44000244140625,182.5,0.0,4400000.0
2023-11-07,180.96800231933594,185.8000030517578,0.0,191.49000549316406,178.19000244140625,178.25,0.0,4285000.0
2023-11-08,178.5817108154297,183.35000610351562,0.0,184.66000366210938,180.11000061035156,180.5,0.0,2521700.0
2023-11-09,175.6402587890625,180.3300018310547,0.0,184.5500030517578,179.63999938964844,184.41000366210938,0.0,2662100.0
2023-11-10,181.8153533935547,186.6699981689453,0.0,187.83999633789062,180.72999572753906,183.25999450683594,0.0,3055900.0
2023-11-13,180.03294372558594,184.83999633789062,0.0,185.3800048828125,181.9600067138672,185.0,0.0,1845400.0
2023-11-14,189.82159423828125,194.88999938964844,0.0,195.8000030517578,190.1699981689453,191.02000427246094,0.0,2876700.0
2023-11-15,195.5291748046875,200.75,0.0,202.64999389648438,196.42999267578125,196.42999267578125,0.0,2807500.0
2023-11-16,195.57789611816406,200.8000030517578,0.0,203.07000732421875,199.61000061035156,200.3800048828125,0.0,2333200.0
2023-11-17,195.7142333984375,200.94000244140625,0.0,202.1999969482422,199.0,200.92999267578125,0.0,1658800.0
2023-11-20,198.0518341064453,203.33999633789062,0.0,204.77999877929688,200.7899932861328,201.0,0.0,2086600.0
2023-11-21,195.22726440429688,200.44000244140625,0.0,202.42999267578125,198.5,202.0,0.0,2312900.0
2023-11-22,194.38961791992188,199.5800018310547,0.0,204.97999572753906,199.27000427246094,201.8800048828125,0.0,1501100.0
2023-11-24,194.9155731201172,200.1199951171875,0.0,200.77999877929688,198.47999572753906,199.02999877929688,0.0,835000.0
2023-11-27,194.46755981445312,199.66000366210938,0.0,201.02999877929688,198.0,199.0500030517578,0.0,1023200.0
2023-11-28,194.8279266357422,200.02999877929688,0.0,201.8800048828125,198.36000061035156,200.0,0.0,1263500.0
2023-11-29,199.01609802246094,204.3300018310547,0.0,207.8000030517578,202.25,203.74000549316406,0.0,2149200.0
2023-11-30,198.7725830078125,204.0800018310547,0.0,205.52000427246094,201.75999450683594,205.17999267578125,0.0,2269500.0
2023-12-01,200.33096313476562,205.67999267578125,0.0,206.5399932861328,202.42999267578125,204.0,0.0,1363000.0
2023-12-04,200.91537475585938,206.27999877929688,0.0,206.49000549316406,203.41000366210938,204.05999755859375,0.0,1638500.0
2023-12-05,200.4770965576172,205.8300018310547,0.0,206.35000610351562,202.67999267578125,204.57000732421875,0.0,1936900.0
2023-12-06,200.56472778320312,205.9199981689453,0.0,210.33999633789062,205.3800048828125,208.5399932861328,0.0,2052500.0
2023-12-07,206.19442749023438,211.6999969482422,0.0,213.14999389648438,206.82000732421875,207.8000030517578,0.0,2487800.0
2023-12-08,209.9442901611328,215.5500030517578,0.0,217.22999572753906,210.8000030517578,211.42999267578125,0.0,2609700.0
2023-12-11,214.81427001953125,220.5500030517578,0.0,221.89999389648438,215.9600067138672,216.42999267578125,0.0,2936800.0
2023-12-12,214.41700744628906,219.1300048828125,1.014,221.7100067138672,218.75999450683594,219.61000061035156,0.0,1847200.0
2023-12-13,216.56967163085938,221.3300018310547,0.0,223.05999755859375,217.52999877929688,219.30999755859375,0.0,2001600.0
2023-12-14,227.67555236816406,232.67999267578125,0.0,233.25,223.0,223.80999755859375,0.0,3894400.0
2023-12-15,227.92018127441406,232.92999267578125,0.0,238.27000427246094,232.8000030517578,235.1699981689453,0.0,3936700.0
2023-12-18,224.3976287841797,229.3300018310547,0.0,233.86000061035156,227.27000427246094,233.1999969482422,0.0,2531800.0
2023-12-19,224.44654846191406,229.3800048828125,0.0,231.27999877929688,228.6199951171875,230.41000366210938,0.0,1722300.0
2023-12-20,218.1059112548828,222.89999389648438,0.0,229.9499969482422,222.67999267578125,228.55999755859375,0.0,2483900.0
2023-12-21,224.3193359375,229.25,0.0,229.8699951171875,226.52000427246094,226.97000122070312,0.0,1905500.0
2023-12-22,224.02578735351562,228.9499969482422,0.0,232.14999389648438,227.77000427246094,230.89999389648438,0.0,1033500.0
2023-12-26,226.9612579345703,231.9499969482422,0.0,233.27999877929688,229.3699951171875,230.0,0.0,1159900.0
2023-12-27,227.10806274414062,232.10000610351562,0.0,233.89999389648438,230.64999389648438,232.83999633789062,0.0,919200.0
2023-12-28,226.10018920898438,231.07000732421875,0.0,233.3699951171875,230.63999938964844,233.1699981689453,0.0,946400.0
2023-12-29,224.74008178710938,229.67999267578125,0.0,231.9600067138672,227.72999572753906,231.07000732421875,0.0,1105200.0
2024-01-02,216.4228973388672,221.17999267578125,0.0,227.25999450683594,218.57000732421875,227.25999450683594,0.0,2668500.0
2024-01-03,211.43258666992188,216.0800018310547,0.0,218.25,214.0800018310547,217.5800018310547,0.0,1923900.0
2024-01-04,203.29153442382812,207.75999450683594,0.0,210.5399932861328,204.1199951171875,204.30999755859375,0.0,3880700.0
2024-01-05,201.29541015625,205.72000122070312,0.0,208.9600067138672,204.66000366210938,207.99000549316406,0.0,2245300.0
2024-01-08,207.606689453125,212.1699981689453,0.0,213.02999877929688,207.25999450683594,207.3000030517578,0.0,1923600.0
2024-01-09,207.15660095214844,211.7100067138672,0.0,213.07000732421875,207.72000122070312,208.1300048828125,0.0,2023300.0
2024-01-10,206.74560546875,211.2899932861328,0.0,212.50999450683594,207.17999267578125,211.86000061035156,0.0,1759400.0
2024-01-11,206.94131469726562,211.49000549316406,0.0,212.49000549316406,207.30999755859375,210.99000549316406,0.0,2138900.0
2024-01-12,204.6125030517578,209.11000061035156,0.0,212.2100067138672,207.57000732421875,211.3000030517578,0.0,1247700.0
2024-01-16,204.49510192871094,208.99000549316406,0.0,211.72000122070312,206.30999755859375,210.69000244140625,0.0,1749600.0
2024-01-17,201.06057739257812,205.47999572753906,0.0,206.0,201.5800018310547,205.92999267578125,0.0,2146700.0
2024-01-18,207.05874633789062,211.61000061035156,0.0,212.67999267578125,208.9600067138672,210.7100067138672,0.0,3148700.0
2024-01-19,213.66355895996094,218.36000061035156,0.0,219.4499969482422,212.4600067138672,213.33999633789062,0.0,2749800.0
2024-01-22,214.13323974609375,218.83999633789062,0.0,223.0,217.35000610351562,219.6300048828125,0.0,2445200.0
2024-01-23,219.11373901367188,223.92999267578125,0.0,224.8699951171875,219.4499969482422,220.35000610351562,0.0,2485100.0
2024-01-24,216.92193603515625,221.69000244140625,0.0,224.8699951171875,219.64999389648438,222.72999572753906,0.0,2798800.0
2024-01-25,214.6909942626953,219.41000366210938,0.0,223.88999938964844,217.8300018310547,222.99000549316406,0.0,2552700.0
2024-01-26,210.4932403564453,215.1199951171875,0.0,218.9499969482422,214.36000061035156,218.1199951171875,0.0,2424400.0
2024-01-29,212.79269409179688,217.47000122070312,0.0,217.57000732421875,213.2899932861328,216.92999267578125,0.0,1828000.0
2024-01-30,210.5421600341797,215.1699981689453,0.0,217.25,214.22999572753906,215.5500030517578,0.0,1708200.0
2024-01-31,206.04110717773438,210.57000732421875,0.0,215.32000732421875,209.75,212.8800048828125,0.0,3150700.0
2024-02-01,208.42861938476562,213.00999450683594,0.0,214.0399932861328,209.44000244140625,211.69000244140625,0.0,1968600.0
2024-02-02,210.3660430908203,214.99000549316406,0.0,215.55999755859375,209.86000061035156,210.16000366210938,0.0,2135900.0
2024-02-05,216.26634216308594,221.02000427246094,0.0,223.4199981689453,218.0,218.36000061035156,0.0,4119400.0
2024-02-06,218.20375061035156,223.0,0.0,225.4199981689453,218.83999633789062,220.97999572753906,0.0,3949300.0
2024-02-07,216.6088104248047,221.3699951171875,0.0,225.0,218.61000061035156,225.0,0.0,2789000.0
2024-02-08,222.9298858642578,227.8300018310547,0.0,228.85000610351562,221.44000244140625,221.44000244140625,0.0,2815200.0
2024-02-09,228.52685546875,233.5500030517578,0.0,233.66000366210938,228.3300018310547,229.8699951171875,0.0,2621400.0
2024-02-12,231.5895233154297,236.67999267578125,0.0,241.25999450683594,233.10000610351562,234.0,0.0,2787800.0
2024-02-13,227.07870483398438,232.07000732421875,0.0,234.22999572753906,228.10000610351562,230.10000610351562,0.0,2723700.0
2024-02-14,228.9280548095703,233.9600067138672,0.0,235.4600067138672,232.42999267578125,233.9600067138672,0.0,1824900.0
2024-02-15,229.44664001464844,234.49000549316406,0.0,238.1300048828125,234.02999877929688,235.4199981689453,0.0,2078400.0
2024-02-16,227.16676330566406,232.16000366210938,0.0,236.69000244140625,231.3000030517578,234.5,0.0,1476100.0
2024-02-20,226.3741912841797,231.35000610351562,0.0,232.1999969482422,227.30999755859375,230.0,0.0,2140300.0
2024-02-21,230.25880432128906,235.32000732421875,0.0,235.35000610351562,229.6699981689453,230.02000427246094,0.0,1641100.0
2024-02-22,234.348876953125,239.5,0.0,242.39999389648438,237.11000061035156,241.47000122070312,0.0,3173300.0
2024-02-23,233.71286010742188,238.85000610351562,0.0,241.3300018310547,237.5,240.82000732421875,0.0,1817800.0
2024-02-26,238.54660034179688,243.7899932861328,0.0,245.0,240.14999389648438,240.36000061035156,0.0,1596000.0
2024-02-27,240.44488525390625,245.72999572753906,0.0,252.8300018310547,245.0,245.8800048828125,0.0,2438300.0
2024-02-28,238.73251342773438,243.97999572753906,0.0,245.8699951171875,242.0,243.11000061035156,0.0,1489200.0
2024-02-29,244.3588409423828,249.72999572753906,0.0,250.3000030517578,245.66000366210938,247.94000244140625,0.0,3374700.0
2024-03-01,251.9715576171875,257.510009765625,0.0,259.0799865722656,250.2899932861328,251.8800048828125,0.0,2444700.0
2024-03-04,248.83055114746094,254.3000030517578,0.0,259.489990234375,253.72999572753906,259.489990234375,0.0,2667600.0
2024-03-05,243.11618041992188,248.4600067138672,0.0,254.27999877929688,246.7899932861328,251.7100067138672,0.0,2319800.0
2024-03-06,245.84617614746094,251.25,0.0,255.36000061035156,250.33999633789062,252.07000732421875,0.0,2527800.0
2024-03-07,253.46861267089844,259.0400085449219,0.0,264.260009765625,253.1699981689453,253.72000122070312,0.0,2942200.0
2024-03-08,246.60939025878906,252.02999877929688,0.0,262.9100036621094,251.7899932861328,259.9200134277344,0.0,2481100.0
2024-03-11,247.84230041503906,253.2899932861328,0.0,254.30999755859375,249.72000122070312,250.6300048828125,0.0,2020500.0
2024-03-12,251.922607421875,257.4599914550781,0.0,257.989990234375,251.72999572753906,256.19000244140625,0.0,2104300.0
2024-03-13,245.5819854736328,250.97999572753906,0.0,254.35000610351562,250.16000366210938,253.69000244140625,0.0,2457700.0
2024-03-14,238.48789978027344,243.72999572753906,0.0,251.35000610351562,241.32000732421875,250.35000610351562,0.0,3520100.0
2024-03-15,232.43101501464844,237.5399932861328,0.0,239.30999755859375,233.0,234.49000549316406,0.0,5827300.0
2024-03-18,231.53082275390625,236.6199951171875,0.0,241.99000549316406,236.30999755859375,240.1699981689453,0.0,2236700.0
2024-03-19,231.29600524902344,236.3800048828125,0.0,238.14999389648438,233.5399932861328,234.91000366210938,0.0,2172300.0
2024-03-20,237.097900390625,241.27000427246094,1.014,241.74000549316406,234.5500030517578,235.5800018310547,0.0,2102500.0
2024-03-21,241.8542022705078,246.11000061035156,0.0,249.97999572753906,244.55999755859375,246.64999389648438,0.0,2926600.0
2024-03-22,240.10499572753906,244.3300018310547,0.0,247.17999267578125,243.32000732421875,244.35000610351562,0.0,2236400.0
2024-03-25,236.1839599609375,240.33999633789062,0.0,242.52000427246094,238.61000061035156,240.89999389648438,0.0,1703500.0
2024-03-26,234.9261016845703,239.05999755859375,0.0,243.3300018310547,238.7899932861328,242.19000244140625,0.0,1443100.0
2024-03-27,241.19578552246094,245.44000244140625,0.0,246.13999938964844,240.47999572753906,242.25,0.0,1631200.0
2024-03-28,243.48550415039062,247.77000427246094,0.0,248.30999755859375,245.0,245.88999938964844,0.0,1731400.0
2024-04-01,242.02125549316406,246.27999877929688,0.0,251.8699951171875,244.83999633789062,248.3800048828125,0.0,1478200.0
2024-04-02,236.60653686523438,240.77000427246094,0.0,243.82000732421875,239.60000610351562,243.82000732421875,0.0,1607900.0
2024-04-03,239.6627655029297,243.8800048828125,0.0,244.30999755859375,238.0,239.08999633789062,0.0,1061600.0
2024-04-04,235.03419494628906,239.1699981689453,0.0,248.08999633789062,237.97000122070312,247.22999572753906,0.0,2501000.0
2024-04-05,236.84237670898438,241.00999450683594,0.0,241.52000427246094,238.85000610351562,240.25,0.0,1617400.0
2024-04-08,240.68475341796875,244.9199981689453,0.0,246.2100067138672,241.9199981689453,242.14999389648438,0.0,1188100.0
2024-04-09,247.47528076171875,251.8300018310547,0.0,251.9600067138672,246.3699951171875,247.2100067138672,0.0,1708500.0
2024-04-10,236.9111785888672,241.0800018310547,0.0,248.50999450683594,240.1999969482422,246.72999572753906,0.0,2028200.0
2024-04-11,240.10499572753906,244.3300018310547,0.0,244.89999389648438,240.52000427246094,242.85000610351562,0.0,1736500.0
2024-04-12,229.57034301757812,233.61000061035156,0.0,240.88999938964844,232.75999450683594,239.6199951171875,0.0,2596400.0
2024-04-15,226.130859375,230.11000061035156,0.0,237.5,228.38999938964844,237.49000549316406,0.0,2304200.0
2024-04-16,226.69102478027344,230.67999267578125,0.0,232.5500030517578,227.97999572753906,231.6199951171875,0.0,1652700.0
2024-04-17,222.99603271484375,226.9199981689453,0.0,231.4600067138672,225.83999633789062,231.07000732421875,0.0,1970900.0
2024-04-18,215.5569305419922,219.35000610351562,0.0,223.3800048828125,217.35000610351562,222.0,0.0,3494900.0
2024-04-19,211.4000701904297,215.1199951171875,0.0,220.33999633789062,213.02000427246094,219.35000610351562,0.0,2692600.0
2024-04-22,214.8788604736328,218.66000366210938,0.0,220.1999969482422,214.3300018310547,218.6699981689453,0.0,2230200.0
2024-04-23,221.70867919921875,225.61000061035156,0.0,226.88999938964844,218.85000610351562,219.02000427246094,0.0,3024100.0
2024-04-24,230.97561645507812,235.0399932861328,0.0,237.69000244140625,232.32000732421875,235.4600067138672,0.0,3810700.0
2024-04-25,233.9630584716797,238.0800018310547,0.0,239.58999633789062,233.75,236.86000061035156,0.0,2052400.0
2024-04-26,238.50315856933594,242.6999969482422,0.0,244.2899932861328,236.38999938964844,236.9499969482422,0.0,2059400.0
2024-04-29,242.85655212402344,247.1300048828125,0.0,247.94000244140625,242.1300048828125,242.75,0.0,2976300.0
2024-04-30,251.7598876953125,256.19000244140625,0.0,261.1499938964844,250.50999450683594,257.7200012207031,0.0,4800100.0
2024-05-01,245.11679077148438,249.42999267578125,0.0,258.2099914550781,246.5500030517578,253.35000610351562,0.0,3538400.0
2024-05-02,249.86325073242188,254.25999450683594,0.0,255.38999938964844,245.1999969482422,253.44000244140625,0.0,2317200.0
2024-05-03,253.3911895751953,257.8500061035156,0.0,262.1099853515625,257.1099853515625,261.0,0.0,2513200.0
2024-05-06,255.14044189453125,259.6300048828125,0.0,260.489990234375,256.6700134277344,259.260009765625,0.0,2213600.0
2024-05-07,254.17733764648438,258.6499938964844,0.0,262.0,258.3299865722656,260.57000732421875,0.0,1605300.0
2024-05-08,255.71038818359375,260.2099914550781,0.0,260.2900085449219,255.5800018310547,255.5800018310547,0.0,1636500.0
2024-05-09,256.2901916503906,260.79998779296875,0.0,261.8800048828125,258.0799865722656,260.510009765625,0.0,1777800.0
2024-05-10,257.2041015625,261.7300109863281,0.0,264.0,260.17999267578125,262.5,0.0,1072300.0
2024-05-13,259.3660583496094,263.92999267578125,0.0,266.6300048828125,263.0,263.989990234375,0.0,1395200.0
2024-05-14,263.0315246582031,267.6600036621094,0.0,268.42999267578125,263.94000244140625,264.70001220703125,0.0,1618400.0
2024-05-15,267.2965087890625,272.0,0.0,272.2900085449219,267.75,270.1600036621094,0.0,2231500.0
2024-05-16,264.94781494140625,269.6099853515625,0.0,273.3699951171875,269.54998779296875,271.1000061035156,0.0,1550100.0
2024-05-17,263.09051513671875,267.7200012207031,0.0,270.17999267578125,265.760009765625,269.7200012207031,0.0,1344600.0
2024-05-20,268.83935546875,273.57000732421875,0.0,274.5199890136719,267.5299987792969,267.989990234375,0.0,1271500.0
2024-05-21,269.6746826171875,274.4200134277344,0.0,275.489990234375,268.1700134277344,269.260009765625,0.0,1156000.0
2024-05-22,274.00836181640625,278.8299865722656,0.0,280.239990234375,275.239990234375,277.0,0.0,2185500.0
2024-05-23,268.0039978027344,272.7200012207031,0.0,279.8800048828125,269.67999267578125,279.8800048828125,0.0,2327100.0
2024-05-24,272.37713623046875,277.1700134277344,0.0,280.7699890136719,275.54998779296875,278.3299865722656,0.0,1319900.0
2024-05-28,274.7945556640625,279.6300048828125,0.0,282.2200012207031,276.1199951171875,276.54998779296875,0.0,1503600.0
2024-05-29,269.0948181152344,273.8299865722656,0.0,277.19000244140625,273.3999938964844,274.44000244140625,0.0,1696200.0
2024-05-30,266.736328125,271.42999267578125,0.0,274.2900085449219,270.2300109863281,271.4200134277344,0.0,1785300.0
2024-05-31,267.394775390625,272.1000061035156,0.0,273.8999938964844,264.2200012207031,271.8299865722656,0.0,3065100.0
2024-06-03,265.2721252441406,269.94000244140625,0.0,277.5199890136719,265.1099853515625,275.6199951171875,0.0,1273300.0
2024-06-04,261.695068359375,266.29998779296875,0.0,271.239990234375,265.6400146484375,267.4700012207031,0.0,1783800.0
2024-06-05,270.9325256347656,275.70001220703125,0.0,276.0799865722656,268.7699890136719,270.05999755859375,0.0,1692900.0
2024-06-06,267.30633544921875,272.010009765625,0.0,275.1700134277344,271.5199890136719,274.6300048828125,0.0,1438300.0
2024-06-07,267.1884460449219,271.8900146484375,0.0,277.0,270.79998779296875,272.7900085449219,0.0,1211300.0
2024-06-10,272.0626525878906,276.8500061035156,0.0,277.32000732421875,268.04998779296875,268.1700134277344,0.0,1354000.0
2024-06-11,273.12396240234375,277.92999267578125,0.0,278.3599853515625,271.8699951171875,276.7900085449219,0.0,1123000.0
2024-06-12,278.096435546875,282.989990234375,0.0,286.8699951171875,279.5899963378906,282.0,0.0,1653600.0
2024-06-13,271.6799621582031,275.4700012207031,1.014,279.42999267578125,272.0,272.04998779296875,0.0,1382700.0
2024-06-14,265.15106201171875,268.8500061035156,0.0,272.4100036621094,266.2699890136719,270.0,0.0,1680300.0
2024-06-17,267.5279235839844,271.260009765625,0.0,271.6400146484375,264.1499938964844,268.45001220703125,0.0,1702700.0
2024-06-18,267.6659851074219,271.3999938964844,0.0,273.2200012207031,269.3599853515625,270.7799987792969,0.0,1649900.0
2024-06-20,261.0384216308594,264.67999267578125,0.0,270.32000732421875,263.260009765625,269.6099853515625,0.0,3003900.0
2024-06-21,267.3010559082031,271.0299987792969,0.0,271.7099914550781,264.8399963378906,266.42999267578125,0.0,4027500.0
2024-06-24,263.5927734375,267.2699890136719,0.0,271.7699890136719,266.55999755859375,268.9800109863281,0.0,1680600.0
2024-06-25,266.20635986328125,269.9200134277344,0.0,271.3500061035156,266.67999267578125,270.30999755859375,0.0,1460700.0
2024-06-26,264.48040771484375,268.1700134277344,0.0,270.8599853515625,265.82000732421875,269.0,0.0,1693200.0
2024-06-27,261.3638916015625,265.010009765625,0.0,269.7300109863281,264.4100036621094,268.2099914550781,0.0,1489100.0
2024-06-28,265.38775634765625,269.0899963378906,0.0,273.8299865722656,265.8800048828125,267.44000244140625,0.0,2228000.0
2024-07-01,262.01483154296875,265.6700134277344,0.0,269.7799987792969,262.5299987792969,269.1199951171875,0.0,1723900.0
2024-07-02,268.29718017578125,272.0400085449219,0.0,272.239990234375,265.510009765625,265.6700134277344,0.0,1421300.0
2024-07-03,268.5437316894531,272.2900085449219,0.0,274.5899963378906,268.3999938964844,272.3800048828125,0.0,1084500.0
2024-07-05,269.77655029296875,273.5400085449219,0.0,275.5,269.79998779296875,275.489990234375,0.0,1237700.0
2024-07-08,273.4059143066406,277.2200012207031,0.0,277.79998779296875,274.1600036621094,274.3599853515625,0.0,1007000.0
2024-07-09,271.127685546875,274.9100036621094,0.0,278.1400146484375,273.17999267578125,277.25,0.0,1072400.0
2024-07-10,278.48504638671875,282.3699951171875,0.0,282.75,275.0799865722656,277.0799865722656,0.0,1233300.0
2024-07-11,270.8022155761719,274.5799865722656,0.0,284.989990234375,274.4599914550781,283.510009765625,0.0,2095600.0
2024-07-12,276.33502197265625,280.19000244140625,0.0,283.92999267578125,275.739990234375,277.80999755859375,0.0,1558800.0
2024-07-15,278.8795471191406,282.7699890136719,0.0,286.0899963378906,280.0,281.8699951171875,0.0,1431400.0
2024-07-16,286.77935791015625,290.7799987792969,0.0,291.4700012207031,283.260009765625,285.3900146484375,0.0,1356700.0
2024-07-17,272.48870849609375,276.2900085449219,0.0,296.0799865722656,275.9700012207031,284.55999755859375,0.0,4527100.0
2024-07-18,275.4277038574219,279.2699890136719,0.0,285.54998779296875,276.04998779296875,279.92999267578125,0.0,2209000.0
2024-07-19,265.58502197265625,269.2900085449219,0.0,279.8900146484375,268.1000061035156,279.0199890136719,0.0,2403200.0
2024-07-22,279.90521240234375,283.80999755859375,0.0,284.75,271.0199890136719,275.8599853515625,0.0,4005400.0
2024-07-23,258.691162109375,262.29998779296875,0.0,269.6300048828125,255.14999389648438,260.7900085449219,0.0,6654300.0
2024-07-24,250.89984130859375,254.39999389648438,0.0,262.5799865722656,254.2100067138672,260.7699890136719,0.0,4060900.0
2024-07-25,244.1046600341797,247.50999450683594,0.0,255.4600067138672,245.4199981689453,250.36000061035156,0.0,4244300.0
2024-07-26,250.13059997558594,253.6199951171875,0.0,256.2300109863281,250.5800018310547,251.58999633789062,0.0,2111100.0
2024-07-29,252.29046630859375,255.80999755859375,0.0,262.239990234375,254.30999755859375,257.25,0.0,2421500.0
2024-07-30,248.21728515625,251.67999267578125,0.0,258.4599914550781,250.36000061035156,258.4599914550781,0.0,2478000.0
2024-07-31,259.5393371582031,263.1600036621094,0.0,264.5400085449219,255.19000244140625,258.8399963378906,0.0,3232300.0
2024-08-01,240.26817321777344,243.6199951171875,0.0,260.6099853515625,241.39999389648438,258.010009765625,0.0,4006600.0
2024-08-02,234.47894287109375,237.75,0.0,238.91000366210938,231.0800018310547,236.14999389648438,0.0,4567000.0
2024-08-05,232.171142578125,235.41000366210938,0.0,241.97999572753906,229.02000427246094,232.02999877929688,0.0,3227500.0
2024-08-06,233.5025634765625,236.75999450683594,0.0,243.02000427246094,234.35000610351562,237.24000549316406,0.0,1854900.0
2024-08-07,226.13534545898438,229.2899932861328,0.0,244.52000427246094,228.3000030517578,243.52999877929688,0.0,2678100.0
2024-08-08,241.86590576171875,245.24000549316406,0.0,245.9600067138672,233.0,236.6999969482422,0.0,2776000.0
2024-08-09,238.69020080566406,242.02000427246094,0.0,243.91000366210938,239.05999755859375,242.3800048828125,0.0,1089200.0
2024-08-12,236.85580444335938,240.16000366210938,0.0,243.1199951171875,237.02999877929688,242.6999969482422,0.0,2299100.0
2024-08-13,244.5977783203125,248.00999450683594,0.0,248.61000061035156,241.10000610351562,241.4600067138672,0.0,2323300.0
2024-08-14,240.28790283203125,243.63999938964844,0.0,248.88999938964844,241.25999450683594,247.7899932861328,0.0,1785900.0
2024-08-15,249.7656707763672,253.25,0.0,254.75999450683594,247.36000061035156,250.6199951171875,0.0,2790100.0
2024-08-16,250.9393310546875,254.44000244140625,0.0,255.77999877929688,250.0399932861328,251.99000549316406,0.0,1523900.0
2024-08-19,254.68704223632812,258.239990234375,0.0,258.4200134277344,250.64999389648438,252.57000732421875,0.0,1381400.0
2024-08-20,250.5251007080078,254.02000427246094,0.0,257.3800048828125,252.5500030517578,256.5799865722656,0.0,1516400.0
2024-08-21,250.81109619140625,254.30999755859375,0.0,259.739990234375,251.00999450683594,256.6099853515625,0.0,2218600.0
2024-08-22,241.98423767089844,245.36000061035156,0.0,255.3699951171875,244.2100067138672,254.97999572753906,0.0,3142400.0
2024-08-23,249.1542205810547,252.6300048828125,0.0,254.27000427246094,248.42999267578125,251.17999267578125,0.0,2568300.0
2024-08-26,246.40261840820312,249.83999633789062,0.0,252.02999877929688,248.22999572753906,251.3000030517578,0.0,2041900.0
2024-08-27,249.25283813476562,252.72999572753906,0.0,254.5399932861328,246.0500030517578,247.39999389648438,0.0,1653400.0
2024-08-28,243.51292419433594,246.91000366210938,0.0,253.3699951171875,244.89999389648438,252.3699951171875,0.0,1439400.0
2024-08-29,245.35719299316406,248.77999877929688,0.0,254.25,247.47999572753906,249.32000732421875,0.0,1666500.0
2024-08-30,252.8328857421875,256.3599853515625,0.0,257.6099853515625,252.0,254.7899932861328,0.0,2696400.0
2024-09-03,232.89109802246094,236.13999938964844,0.0,252.24000549316406,234.92999267578125,251.24000549316406,0.0,3464100.0
2024-09-04,235.57366943359375,238.86000061035156,0.0,240.3300018310547,232.0800018310547,234.00999450683594,0.0,2492300.0
2024-09-05,233.44338989257812,236.6999969482422,0.0,239.8300018310547,234.6699981689453,236.1699981689453,0.0,1976800.0
2024-09-06,223.5809783935547,226.6999969482422,0.0,236.47000122070312,225.67999267578125,236.1699981689453,0.0,3035500.0
2024-09-09,227.4273223876953,230.60000610351562,0.0,231.07000732421875,226.72999572753906,230.10000610351562,0.0,2549300.0
2024-09-10,222.0917510986328,225.19000244140625,0.0,228.9199981689453,221.5399932861328,227.3800048828125,0.0,2910900.0
2024-09-11,227.693603515625,230.8699951171875,0.0,231.3300018310547,220.10000610351562,224.36000061035156,0.0,3876600.0
2024-09-12,223.02197265625,225.13999938964844,1.014,229.24000549316406,222.3699951171875,228.00999450683594,0.0,2532900.0
2024-09-13,227.7668914794922,229.92999267578125,0.0,231.8800048828125,227.0399932861328,228.11000061035156,0.0,3017600.0
2024-09-16,227.84616088867188,230.00999450683594,0.0,230.5,225.3300018310547,227.0,0.0,1866400.0
2024-09-17,230.382080078125,232.57000732421875,0.0,234.67999267578125,229.50999450683594,232.35000610351562,0.0,1920500.0
2024-09-18,229.33203125,231.50999450683594,0.0,238.63999938964844,230.9600067138672,233.3699951171875,0.0,2161100.0
2024-09-19,236.47421264648438,238.72000122070312,0.0,242.49000549316406,235.85000610351562,238.63999938964844,0.0,3657000.0
2024-09-20,229.69857788085938,231.8800048828125,0.0,234.1699981689453,228.5399932861328,233.41000366210938,0.0,6787600.0
2024-09-23,229.6787567138672,231.86000061035156,0.0,234.0,230.94000244140625,232.9499969482422,0.0,1470400.0
2024-09-24,231.55096435546875,233.75,0.0,239.1699981689453,230.6699981689453,234.60000610351562,0.0,1913900.0
2024-09-25,231.76890563964844,233.97000122070312,0.0,235.13999938964844,231.17999267578125,231.52999877929688,0.0,1621500.0
2024-09-26,239.9611053466797,242.24000549316406,0.0,244.1199951171875,234.9499969482422,242.6300048828125,0.0,2067700.0
2024-09-27,242.6257781982422,244.92999267578125,0.0,246.97999572753906,242.69000244140625,245.17999267578125,0.0,2444000.0
2024-09-30,237.7520751953125,240.00999450683594,0.0,240.1999969482422,236.22000122070312,237.38999938964844,0.0,2898300.0
2024-10-01,230.0353546142578,232.22000122070312,0.0,239.8300018310547,230.39999389648438,238.80999755859375,0.0,2440700.0
2024-10-02,233.1458282470703,235.36000061035156,0.0,238.49000549316406,230.8300018310547,232.60000610351562,0.0,1404500.0
2024-10-03,231.0457763671875,233.24000549316406,0.0,234.91000366210938,230.92999267578125,232.75,0.0,1748100.0
2024-10-04,232.03636169433594,234.24000549316406,0.0,239.7100067138672,231.50999450683594,239.55999755859375,0.0,1599700.0
2024-10-07,231.8184356689453,234.02000427246094,0.0,237.08999633789062,232.1999969482422,236.97999572753906,0.0,1806100.0
2024-10-08,232.7495880126953,234.9600067138672,0.0,236.17999267578125,232.38999938964844,234.02000427246094,0.0,1469500.0
2024-10-09,236.0680694580078,238.30999755859375,0.0,238.8699951171875,233.0,233.24000549316406,0.0,1423700.0
2024-10-10,233.9481964111328,236.1699981689453,0.0,236.47000122070312,232.5,234.07000732421875,0.0,1191500.0
2024-10-11,235.8600616455078,238.10000610351562,0.0,240.75,233.35000610351562,233.57000732421875,0.0,1148200.0
2024-10-14,241.14981079101562,243.44000244140625,0.0,243.74000549316406,237.85000610351562,240.22999572753906,0.0,1965200.0
2024-10-15,230.65943908691406,232.85000610351562,0.0,244.57000732421875,230.13999938964844,242.63999938964844,0.0,3611900.0
2024-10-16,230.54055786132812,232.72999572753906,0.0,237.83999633789062,232.5,236.42999267578125,0.0,1368700.0
2024-10-17,230.0948028564453,232.27999877929688,0.0,238.8800048828125,232.10000610351562,238.44000244140625,0.0,2062100.0
2024-10-18,231.25379943847656,233.4499969482422,0.0,236.6699981689453,232.44000244140625,236.24000549316406,0.0,1187600.0
2024-10-21,227.98483276367188,230.14999389648438,0.0,232.4499969482422,227.3300018310547,231.05999755859375,0.0,1585200.0
2024-10-22,229.34194946289062,231.52000427246094,0.0,232.49000549316406,227.63999938964844,229.4199981689453,0.0,2173600.0
2024-10-23,234.0968017578125,236.32000732421875,0.0,239.88999938964844,233.02000427246094,236.22999572753906,0.0,2957300.0
2024-10-24,236.81101989746094,239.05999755859375,0.0,241.9199981689453,235.55999755859375,238.67999267578125,0.0,1593000.0
2024-10-25,240.87245178222656,243.16000366210938,0.0,246.0800018310547,240.0800018310547,240.6199951171875,0.0,2140500.0
2024-10-28,247.35092163085938,249.6999969482422,0.0,251.10000610351562,238.1300048828125,239.4199981689453,0.0,2812000.0
2024-10-29,253.1756134033203,255.5800018310547,0.0,256.6199951171875,249.05999755859375,250.57000732421875,0.0,2134400.0
2024-10-30,243.0121307373047,245.32000732421875,0.0,253.4199981689453,245.0,249.47000122070312,0.0,2401900.0
2024-10-31,232.29391479492188,234.5,0.0,244.47999572753906,231.3000030517578,244.47999572753906,0.0,3540600.0
2024-11-01,236.34542846679688,238.58999633789062,0.0,240.1699981689453,234.10000610351562,234.5,0.0,2224100.0
2024-11-04,234.6713409423828,236.89999389648438,0.0,239.2100067138672,235.57000732421875,237.32000732421875,0.0,2935900.0
2024-11-05,222.53656005859375,224.64999389648438,0.0,224.83999633789062,216.92999267578125,220.5,0.0,5961100.0
2024-11-06,229.20327758789062,231.3800048828125,0.0,233.8300018310547,226.11000061035156,228.1300048828125,0.0,3598000.0
2024-11-07,233.89866638183594,236.1199951171875,0.0,238.85000610351562,231.8800048828125,237.75999450683594,0.0,3129400.0
2024-11-08,231.68966674804688,233.88999938964844,0.0,235.0,227.97000122070312,233.1300048828125,0.0,2743100.0
2024-11-11,224.9040985107422,227.0399932861328,0.0,231.4199981689453,223.7100067138672,230.97999572753906,0.0,2715100.0
2024-11-12,222.67526245117188,224.7899932861328,0.0,226.99000549316406,221.85000610351562,225.30999755859375,0.0,2528800.0
2024-11-13,220.86248779296875,222.9600067138672,0.0,225.44000244140625,221.44000244140625,221.57000732421875,0.0,3144700.0
2024-11-14,221.8530731201172,223.9600067138672,0.0,225.3300018310547,221.3699951171875,223.8800048828125,0.0,2250100.0
2024-11-15,214.99815368652344,217.0399932861328,0.0,223.9600067138672,216.58999633789062,221.8300018310547,0.0,2792700.0
2024-11-18,218.11854553222656,220.19000244140625,0.0,220.4199981689453,216.0399932861328,217.1999969482422,0.0,2473000.0
2024-11-19,217.84117126464844,219.91000366210938,0.0,220.58999633789062,217.25,218.5500030517578,0.0,1503400.0
2024-11-20,218.26712036132812,220.33999633789062,0.0,220.47000122070312,216.05999755859375,217.1999969482422,0.0,2143600.0
2024-11-21,222.45733642578125,224.57000732421875,0.0,226.2899932861328,219.77999877929688,222.11000061035156,0.0,1769300.0
2024-11-22,224.25030517578125,226.3800048828125,0.0,227.02999877929688,223.7100067138672,227.0,0.0,1584000.0
2024-11-25,231.6500244140625,233.85000610351562,0.0,235.42999267578125,227.8300018310547,229.94000244140625,0.0,2784900.0
2024-11-26,226.5088653564453,228.66000366210938,0.0,238.75999450683594,226.75,237.36000061035156,0.0,2476600.0
2024-11-27,224.39889526367188,226.52999877929688,0.0,229.97000122070312,222.86000061035156,228.08999633789062,0.0,1520700.0
2024-11-29,227.21217346191406,229.3699951171875,0.0,232.1699981689453,226.72000122070312,227.86000061035156,0.0,1606600.0
2024-12-02,231.4122772216797,233.61000061035156,0.0,236.07000732421875,228.17999267578125,229.00999450683594,0.0,2796400.0
2024-12-03,226.21168518066406,228.36000061035156,0.0,232.7899932861328,228.08999633789062,230.7100067138672,0.0,2572800.0
2024-12-04,221.55589294433594,223.66000366210938,0.0,231.86000061035156,222.5399932861328,231.27000427246094,0.0,2352000.0
2024-12-05,215.92758178710938,216.99000549316406,1.014,223.02999877929688,216.41000366210938,222.47000122070312,0.0,2297000.0
2024-12-06,217.5894012451172,218.66000366210938,0.0,220.19000244140625,217.61000061035156,218.3699951171875,0.0,2302300.0
2024-12-09,222.51516723632812,223.61000061035156,0.0,225.99000549316406,217.1999969482422,217.9499969482422,0.0,2149900.0
2024-12-10,216.87294006347656,217.94000244140625,0.0,224.47999572753906,217.0500030517578,224.25999450683594,0.0,1716000.0
2024-12-11,218.7636260986328,219.83999633789062,0.0,221.9199981689453,217.75999450683594,220.10000610351562,0.0,2482700.0
2024-12-12,216.66395568847656,217.72999572753906,0.0,219.6199951171875,215.42999267578125,218.5800018310547,0.0,1771000.0
2024-12-13,215.77830505371094,216.83999633789062,0.0,218.30999755859375,215.0500030517578,216.1199951171875,0.0,2855600.0
2024-12-16,217.1117401123047,218.17999267578125,0.0,220.64999389648438,214.7899932861328,217.11000061035156,0.0,2884800.0
2024-12-17,217.94764709472656,219.02000427246094,0.0,223.17999267578125,217.61000061035156,220.33999633789062,0.0,3592400.0
2024-12-18,209.2603759765625,210.2899932861328,0.0,223.36000061035156,209.2899932861328,219.0800018310547,0.0,3610400.0
2024-12-19,206.2551727294922,207.27000427246094,0.0,213.4600067138672,206.97000122070312,212.05999755859375,0.0,2734400.0
2024-12-20,209.21063232421875,210.24000549316406,0.0,213.47000122070312,204.72000122070312,205.63999938964844,0.0,6139300.0
2024-12-23,213.04177856445312,214.08999633789062,0.0,214.83999633789062,210.5,210.5,0.0,1737600.0
2024-12-24,214.34536743164062,215.39999389648438,0.0,215.41000366210938,212.30999755859375,214.9199981689453,0.0,790900.0
2024-12-26,213.98712158203125,215.0399932861328,0.0,217.3800048828125,213.0,213.0,0.0,885700.0
2024-12-27,212.71339416503906,213.75999450683594,0.0,214.9499969482422,211.6699981689453,213.3300018310547,0.0,1162100.0
2024-12-30,206.45419311523438,207.47000122070312,0.0,211.9499969482422,206.7899932861328,211.5500030517578,0.0,1817900.0
2024-12-31,206.83233642578125,207.85000610351562,0.0,209.49000549316406,206.33999633789062,208.74000549316406,0.0,1154500.0
2025-01-02,205.2003631591797,206.2100067138672,0.0,211.60000610351562,205.22999572753906,209.61000061035156,0.0,1424300.0
2025-01-03,207.83738708496094,208.86000061035156,0.0,210.13999938964844,205.0,207.3000030517578,0.0,2308100.0
2025-01-06,212.3651123046875,213.41000366210938,0.0,215.91000366210938,210.00999450683594,210.00999450683594,0.0,1972700.0
2025-01-07,211.53916931152344,212.5800018310547,0.0,218.94000244140625,211.24000549316406,213.8800048828125,0.0,2312200.0
2025-01-08,208.69317626953125,209.72000122070312,0.0,213.32000732421875,207.33999633789062,212.13999938964844,0.0,2302600.0
2025-01-10,205.7377166748047,206.75,0.0,211.32000732421875,206.3800048828125,209.6300048828125,0.0,2511100.0
2025-01-13,205.81732177734375,206.8300018310547,0.0,207.2100067138672,202.25,203.1199951171875,0.0,1629700.0
2025-01-14,209.59872436523438,210.6300048828125,0.0,210.64999389648438,206.72999572753906,208.5800018310547,0.0,1513400.0
2025-01-15,212.51437377929688,213.55999755859375,0.0,216.66000366210938,213.49000549316406,215.25999450683594,0.0,3143400.0
2025-01-16,209.7280731201172,210.75999450683594,0.0,215.4199981689453,209.77999877929688,215.25,0.0,1632400.0
2025-01-17,214.30555725097656,215.36000061035156,0.0,217.4600067138672,213.97000122070312,216.41000366210938,0.0,1921200.0
2025-01-21,213.82791137695312,214.8800048828125,0.0,216.75,213.3300018310547,215.0,0.0,3237900.0
2025-01-22,215.031982421875,216.08999633789062,0.0,219.63999938964844,214.00999450683594,215.19000244140625,0.0,2367500.0
2025-01-23,218.80343627929688,219.8800048828125,0.0,219.91000366210938,212.69000244140625,213.6199951171875,0.0,2250800.0
2025-01-24,212.385009765625,213.42999267578125,0.0,217.4600067138672,211.57000732421875,216.4499969482422,0.0,2777200.0
2025-01-27,214.0269317626953,215.0800018310547,0.0,219.74000549316406,212.3800048828125,215.00999450683594,0.0,4526800.0
2025-01-28,212.385009765625,213.42999267578125,0.0,215.7100067138672,208.3000030517578,214.0,0.0,2446500.0
2025-01-29,211.96705627441406,213.00999450683594,0.0,215.74000549316406,211.74000549316406,213.22999572753906,0.0,1739300.0
2025-01-30,210.35499572753906,211.38999938964844,0.0,212.75999450683594,206.80999755859375,211.63999938964844,0.0,3303700.0
2025-01-31,207.52891540527344,208.5500030517578,0.0,215.85000610351562,208.30999755859375,212.0,0.0,3020100.0
2025-02-03,203.72760009765625,204.72999572753906,0.0,207.0800018310547,198.2100067138672,203.0,0.0,4743100.0
2025-02-04,201.4090118408203,202.39999389648438,0.0,210.0,198.8699951171875,207.83999633789062,0.0,3676500.0
2025-02-05,212.19595336914062,213.24000549316406,0.0,214.1300048828125,201.5800018310547,201.75999450683594,0.0,4450700.0
2025-02-06,215.7584228515625,216.82000732421875,0.0,220.6199951171875,214.66000366210938,216.5,0.0,2928700.0
2025-02-07,211.887451171875,212.92999267578125,0.0,217.86000061035156,211.27000427246094,215.47000122070312,0.0,2216400.0
2025-02-10,209.0215606689453,210.0500030517578,0.0,215.07000732421875,208.75999450683594,214.1999969482422,0.0,2412300.0
2025-02-11,209.9370574951172,210.97000122070312,0.0,213.63999938964844,207.63999938964844,208.32000732421875,0.0,1273200.0
2025-02-12,218.7138671875,219.7899932861328,0.0,221.49000549316406,212.6300048828125,216.39999389648438,0.0,3202400.0
2025-02-13,218.5148468017578,219.58999633789062,0.0,221.27999877929688,216.63999938964844,219.2100067138672,0.0,2761400.0
2025-02-14,223.04257202148438,224.13999938964844,0.0,226.44000244140625,219.25999450683594,220.8000030517578,0.0,3085400.0
2025-02-18,227.73947143554688,228.86000061035156,0.0,234.08999633789062,226.72000122070312,226.7899932861328,0.0,4327300.0
2025-02-19,244.3776092529297,245.5800018310547,0.0,246.8000030517578,229.5500030517578,230.52000427246094,0.0,5345900.0
2025-02-20,244.65623474121094,245.86000061035156,0.0,255.4499969482422,244.0800018310547,255.0,0.0,4342700.0
2025-02-21,235.36196899414062,236.52000427246094,0.0,248.0,236.22000122070312,247.2100067138672,0.0,5304500.0
2025-02-24,232.00845336914062,233.14999389648438,0.0,238.6300048828125,232.8699951171875,236.8000030517578,0.0,3129800.0
2025-02-25,227.44093322753906,228.55999755859375,0.0,235.6999969482422,228.02000427246094,234.52999877929688,0.0,3033400.0
2025-02-26,228.25692749023438,229.3800048828125,0.0,230.6999969482422,225.3800048828125,229.52000427246094,0.0,2630700.0
2025-02-27,215.80816650390625,216.8699951171875,0.0,229.3000030517578,216.4600067138672,228.64999389648438,0.0,3573700.0
2025-02-28,214.53443908691406,215.58999633789062,0.0,221.14999389648438,213.6300048828125,218.3300018310547,0.0,4231700.0
2025-03-03,215.46983337402344,216.52999877929688,0.0,222.7899932861328,213.47999572753906,220.0,0.0,4651800.0
2025-03-04,210.12612915039062,211.16000366210938,0.0,218.11000061035156,210.72000122070312,216.50999450683594,0.0,4111300.0
2025-03-05,215.7086639404297,216.77000427246094,0.0,217.55999755859375,208.6699981689453,213.3300018310547,0.0,2621100.0
2025-03-06,213.419921875,214.47000122070312,0.0,219.4499969482422,210.6699981689453,212.7899932861328,0.0,3465300.0
2025-03-07,221.47030639648438,222.55999755859375,0.0,223.8000030517578,212.5,214.10000610351562,0.0,4301500.0
2025-03-10,207.81747436523438,208.83999633789062,0.0,218.07000732421875,206.94000244140625,217.47000122070312,0.0,3747700.0
2025-03-11,204.79237365722656,205.8000030517578,0.0,209.75999450683594,199.8800048828125,209.10000610351562,0.0,3198200.0
2025-03-12,203.448974609375,204.4499969482422,0.0,209.97999572753906,203.6300048828125,208.07000732421875,0.0,2288300.0
2025-03-13,200.03578186035156,201.02000427246094,0.0,208.0,200.05999755859375,204.07000732421875,0.0,1792700.0
2025-03-14,205.15060424804688,206.16000366210938,0.0,206.9600067138672,203.47999572753906,204.8000030517578,0.0,2771400.0
2025-03-17,208.80264282226562,209.8300018310547,0.0,212.1199951171875,204.86000061035156,204.86000061035156,0.0,2207500.0
2025-03-18,206.0860137939453,207.10000610351562,0.0,208.99000549316406,205.27000427246094,207.4499969482422,0.0,1862500.0
2025-03-19,207.3800048828125,207.3800048828125,1.014,211.36000061035156,206.02999877929688,206.17999267578125,0.0,1640500.0
2025-03-20,202.63999938964844,202.63999938964844,0.0,205.66000366210938,201.52999877929688,204.05999755859375,0.0,1455400.0
2025-03-21,200.63999938964844,200.63999938964844,0.0,201.3800048828125,196.9499969482422,200.17999267578125,0.0,3352000.0
2025-03-24,211.1199951171875,211.1199951171875,0.0,212.4199981689453,205.60000610351562,206.32000732421875,0.0,2743000.0
2025-03-25,211.3300018310547,211.3300018310547,0.0,216.6300048828125,210.75,213.91000366210938,0.0,1662300.0
2025-03-26,205.75,205.75,0.0,212.61000061035156,202.8699951171875,211.0399932861328,0.0,3636500.0
2025-03-27,200.05999755859375,200.05999755859375,0.0,203.8699951171875,198.72000122070312,203.2899932861328,0.0,2877400.0
2025-03-28,189.99000549316406,189.99000549316406,0.0,199.0800018310547,188.85000610351562,198.27000427246094,0.0,4260700.0
2025-03-31,190.05999755859375,190.05999755859375,0.0,191.11000061035156,183.55999755859375,187.3000030517578,0.0,4304200.0
2025-04-01,190.0,190.0,0.0,190.13999938964844,184.3000030517578,188.5500030517578,0.0,2270400.0
2025-04-02,193.6699981689453,193.6699981689453,0.0,196.58999633789062,186.39999389648438,186.39999389648438,0.0,2231700.0
2025-04-03,171.8800048828125,171.8800048828125,0.0,185.30999755859375,171.7100067138672,183.47999572753906,0.0,6169100.0
2025-04-04,160.80999755859375,160.80999755859375,0.0,167.3800048828125,155.8699951171875,164.8699951171875,0.0,6449000.0
2025-04-07,163.2899932861328,163.2899932861328,0.0,173.5500030517578,152.3699951171875,156.5399932861328,0.0,6564400.0
2025-04-08,153.5,153.5,0.0,169.0,148.08999633789062,164.5800018310547,0.0,5100400.0
2025-04-09,185.8699951171875,185.8699951171875,0.0,187.50999450683594,152.2100067138672,156.52000427246094,0.0,8787100.0
2025-04-10,165.58999633789062,165.58999633789062,0.0,177.86000061035156,159.52999877929688,176.1199951171875,0.0,6325900.0
2025-04-11,168.7899932861328,168.7899932861328,0.0,169.80999755859375,158.66000366210938,164.33999633789062,0.0,5169400.0
2025-04-14,170.5500030517578,170.5500030517578,0.0,173.33999633789062,166.75999450683594,172.4499969482422,0.0,2349500.0
2025-04-15,171.6300048828125,171.6300048828125,0.0,174.50999450683594,169.4600067138672,172.72000122070312,0.0,1924200.0
2025-04-16,168.58999633789062,168.58999633789062,0.0,170.4499969482422,163.16000366210938,165.25,0.0,4699400.0
2025-04-17,170.74000549316406,170.74000549316406,0.0,172.02000427246094,166.75999450683594,169.91000366210938,0.0,2106400.0
2025-04-21,171.5,171.5,0.0,171.9499969482422,166.60000610351562,166.60000610351562,0.0,2624900.0
2025-04-22,174.66000366210938,174.66000366210938,0.0,176.0800018310547,172.1699981689453,173.74000549316406,0.0,2876200.0
2025-04-23,180.8699951171875,180.8699951171875,0.0,185.36000061035156,179.50999450683594,181.4600067138672,0.0,3917500.0
2025-04-24,193.57000732421875,193.57000732421875,0.0,194.42999267578125,184.77000427246094,187.2100067138672,0.0,4247200.0
2025-04-25,193.5500030517578,193.5500030517578,0.0,194.58999633789062,188.41000366210938,189.38999938964844,0.0,2485700.0
2025-04-28,196.24000549316406,196.24000549316406,0.0,198.14999389648438,190.58999633789062,192.8699951171875,0.0,4337500.0
2025-04-29,182.6199951171875,182.6199951171875,0.0,185.5399932861328,177.19000244140625,181.52000427246094,0.0,6950800.0
2025-04-30,184.30999755859375,184.30999755859375,0.0,184.94000244140625,176.25999450683594,179.2899932861328,0.0,3210600.0
2025-05-01,181.83999633789062,181.83999633789062,0.0,186.82000732421875,181.50999450683594,185.99000549316406,0.0,3352986.0
